3.318
3.271
3.143
2.629
2.451
2.363
1.703
1.523
1.404
1.38
1.035
0.974
0.948
0.938
0.931
0.927
0.826
0.78
0.779
0.736
0.725
0.721
0.671
0.66
0.657
0.65
0.64
0.613
0.598
0.591
0.581
0.546
0.544
0.54
0.537
0.488
0.441
0.435
0.432
0.415
0.399
0.389
0.381
0.371
0.367
0.365
0.346
0.335
0.328
0.322
0.321
0.316
0.315
0.314
0.313
0.311
0.311
0.309
0.308
0.306
0.302
0.282
0.282
0.275
0.273
0.27
0.263
0.26
0.259
0.251
0.251
0.249
0.248
0.246
0.243
0.242
0.24
0.232
0.23
0.23
0.229
0.224
0.223
0.222
0.216
0.215
0.213
0.213
0.209
0.206
0.204
0.2
0.197
0.197
0.197
0.197
0.195
0.193
0.191
0.19
0.19
0.19
0.19
0.189
0.189
0.186
0.186
0.185
0.184
0.181
0.18
0.18
0.177
0.174
0.171
0.168
0.167
0.166
0.166
0.166
0.165
0.165
0.162
0.162
0.162
0.16
0.16
0.159
0.155
0.155
0.154
0.153
0.152
0.148
0.145
0.144
0.141
0.138
0.138
0.134
0.132
0.127
0.125
0.125
0.124
0.124
0.123
0.123
0.123
0.122
0.122
0.118
0.118
0.117
0.115
0.115
0.115
0.113
0.112
0.112
0.112
0.112
0.112
0.11
0.108
0.108
0.107
0.106
0.105
0.104
0.104
0.104
0.104
0.104
0.104
0.103
0.103
0.103
0.101
0.099
0.099
0.098
0.097
0.097
0.097
0.097
0.095
0.094
0.094
0.093
0.093
0.092
0.091
0.091
0.09
0.09
0.09
0.089
0.089
0.087
0.087
0.084
0.082
0.082
0.082
0.081
0.081
0.081
0.08
0.08
0.079
0.078
0.078
0.078
0.077
0.077
0.076
0.074
0.073
0.073
0.072
0.072
0.072
0.072
0.072
0.071
0.069
0.069
0.068
0.068
0.068
0.067
0.066
0.066
0.065
0.065
0.065
0.065
0.065
0.064
0.064
0.064
0.064
0.064
0.063
0.063
0.063
0.063
0.062
0.061
0.061
0.06
0.06
0.06
0.059
0.059
0.058
0.058
0.058
0.058
0.057
0.056
0.056
0.056
0.055
0.055
0.055
0.054
0.054
0.053
0.053
0.053
0.052
0.052
0.052
0.052
0.051
0.051
0.05
0.05
0.05
0.05
0.049
0.049
0.049
0.049
0.049
0.049
0.049
0.048
0.048
0.048
0.048
0.048
0.048
0.047
0.047
0.046
0.046
0.045
0.044
0.044
0.043
0.043
0.043
0.043
0.043
0.043
0.043
0.042
0.042
0.042
0.042
0.042
0.041
0.041
0.04
0.04
0.04
0.04
0.04
0.04
0.04
0.039
0.039
0.039
0.039
0.038
0.038
0.038
0.038
0.037
0.037
0.037
0.037
0.037
0.037
0.036
0.036
0.036
0.036
0.036
0.036
0.036
0.036
0.036
0.035
0.035
0.035
0.035
0.035
0.034
0.034
0.034
0.034
0.034
0.034
0.034
0.034
0.034
0.033
0.033
0.033
0.033
0.032
0.032
0.032
0.032
0.032
0.032
0.032
0.032
0.032
0.032
0.032
0.032
0.031
0.031
0.031
0.031
0.031
0.03
0.03
0.03
0.03
0.03
0.03
0.029
0.029
0.029
0.029
0.029
0.028
0.028
0.028
0.028
0.028
0.028
0.028
0.028
0.027
0.027
0.027
0.026
0.026
0.026
0.026
0.026
0.026
0.026
0.025
0.025
0.025
0.025
0.025
0.025
0.025
0.025
0.025
0.024
0.024
0.024
0.024
0.024
0.024
0.024
0.024
0.024
0.024
0.024
0.024
0.024
0.023
0.023
0.023
0.023
0.023
0.023
0.023
0.023
0.023
0.023
0.023
0.023
0.022
0.022
0.022
0.022
0.022
0.022
0.022
0.022
0.022
0.022
0.022
0.022
0.022
0.022
0.021
0.021
0.021
0.021
0.021
0.021
0.021
0.021
0.021
0.021
0.02
0.02
0.02
0.02
0.02
0.02
0.02
0.02
0.02
0.02
0.019
0.019
0.019
0.019
0.019
0.019
0.019
0.019
0.019
0.019
0.019
0.019
0.019
0.019
0.019
0.019
0.019
0.019
0.019
0.019
0.019
0.019
0.019
0.018
0.018
0.018
0.018
0.018
0.018
0.018
0.018
0.018
0.018
0.018
0.018
0.018
0.017
0.017
0.017
0.017
0.017
0.017
0.017
0.017
0.017
0.017
0.017
0.017
0.017
0.017
0.017
0.016
0.016
0.016
0.016
0.016
0.016
0.016
0.016
0.016
0.016
0.016
0.016
0.016
0.016
0.016
0.016
0.016
0.016
0.016
0.015
0.015
0.015
0.015
0.015
0.015
0.015
0.015
0.015
0.015
0.015
0.015
0.015
0.015
0.015
0.015
0.014
0.014
0.014
0.014
0.014
0.014
0.014
0.014
0.014
0.014
0.014
0.014
0.014
0.014
0.014
0.014
0.014
0.014
0.014
0.014
0.014
0.014
0.013
0.013
0.013
0.013
0.013
0.013
0.013
0.013
0.013
0.013
0.013
0.013
0.013
0.013
0.013
0.013
0.013
0.013
0.013
0.013
0.013
0.012
0.012
0.012
0.012
0.012
0.012
0.012
0.012
0.012
0.012
0.012
0.012
0.012
0.012
0.012
0.012
0.012
0.012
0.012
0.012
0.012
0.012
0.012
0.012
0.012
0.012
0.011
0.011
0.011
0.011
0.011
0.011
0.011
0.011
0.011
0.011
0.011
0.011
0.011
0.011
0.011
0.011
0.011
0.011
0.011
0.011
0.011
0.011
0.011
0.011
0.011
0.01
0.01
0.01
0.01
0.01
0.01
0.01
0.01
0.01
0.01
0.01
0.01
0.01
0.01
0.01
0.01
0.01
0.01
0.01
0.01
0.01
0.01
0.01
0.01
0.01
0.01
0.01
0.01
0.01
0.01
0.01
0.01
0.01
0.01
0.01
0.01
0.01
0.01
0.01
0.01
0.009
0.009
0.009
0.009
0.009
0.009
0.009
0.009
0.009
0.009
0.009
0.009
0.009
0.009
0.009
0.009
0.009
0.009
0.009
0.009
0.009
0.009
0.009
0.009
0.009
0.009
0.009
0.009
0.009
0.009
0.009
0.009
0.009
0.009
0.009
0.009
0.009
0.009
0.009
0.009
0.009
0.009
0.009
0.008
0.008
0.008
0.008
0.008
0.008
0.008
0.008
0.008
0.008
0.008
0.008
0.008
0.008
0.008
0.008
0.008
0.008
0.008
0.008
0.008
0.008
0.008
0.008
0.008
0.008
0.008
0.008
0.008
0.008
0.008
0.008
0.008
0.008
0.008
0.008
0.008
0.008
0.008
0.008
0.008
0.008
0.008
0.008
0.008
0.008
0.008
0.008
0.008
0.008
0.007
0.007
0.007
0.007
0.007
0.007
0.007
0.007
0.007
0.007
0.007
0.007
0.007
0.007
0.007
0.007
0.007
0.007
0.007
0.007
0.007
0.007
0.007
0.007
0.007
0.007
0.007
0.007
0.007
0.007
0.007
0.007
0.007
0.007
0.007
0.007
0.007
0.007
0.007
0.007
0.007
0.007
0.007
0.007
0.007
0.007
0.007
0.007
0.007
0.007
0.007
0.007
0.007
0.007
0.007
0.007
0.007
0.007
0.006
0.006
0.006
0.006
0.006
0.006
0.006
0.006
0.006
0.006
0.006
0.006
0.006
0.006
0.006
0.006
0.006
0.006
0.006
0.006
0.006
0.006
0.006
0.006
0.006
0.006
0.006
0.006
0.006
0.006
0.006
0.006
0.006
0.006
0.006
0.006
0.006
0.006
0.006
0.006
0.006
0.006
0.006
0.006
0.006
0.006
0.006
0.006
0.006
0.006
0.006