2.629
1.073
1.035
0.98
0.937
0.932
0.828
0.794
0.768
0.727
0.704
0.669
0.667
0.666
0.663
0.629
0.583
0.565
0.562
0.522
0.519
0.51
0.508
0.504
0.494
0.49
0.482
0.469
0.468
0.462
0.455
0.451
0.44
0.43
0.43
0.424
0.416
0.412
0.408
0.404
0.4
0.385
0.382
0.379
0.379
0.373
0.37
0.364
0.364
0.359
0.357
0.348
0.337
0.336
0.335
0.335
0.322
0.315
0.315
0.313
0.313
0.306
0.303
0.297
0.296
0.285
0.283
0.281
0.276
0.275
0.272
0.271
0.267
0.264
0.259
0.252
0.25
0.248
0.242
0.241
0.236
0.234
0.229
0.229
0.228
0.228
0.226
0.223
0.223
0.221
0.22
0.22
0.219
0.218
0.217
0.216
0.216
0.211
0.208
0.208
0.208
0.207
0.205
0.204
0.202
0.2
0.2
0.197
0.197
0.195
0.195
0.194
0.192
0.189
0.185
0.18
0.179
0.178
0.178
0.177
0.177
0.175
0.175
0.175
0.174
0.173
0.173
0.173
0.171
0.169
0.166
0.166
0.165
0.165
0.164
0.162
0.162
0.161
0.16
0.159
0.157
0.154
0.154
0.153
0.153
0.153
0.15
0.15
0.149
0.149
0.147
0.146
0.145
0.145
0.145
0.143
0.142
0.142
0.142
0.141
0.141
0.137
0.137
0.136
0.135
0.135
0.135
0.133
0.13
0.13
0.129
0.128
0.127
0.126
0.125
0.125
0.124
0.122
0.122
0.121
0.12
0.12
0.118
0.118
0.117
0.117
0.117
0.116
0.115
0.115
0.115
0.114
0.113
0.111
0.111
0.111
0.111
0.11
0.11
0.109
0.109
0.107
0.107
0.107
0.105
0.105
0.103
0.103
0.102
0.101
0.101
0.099
0.099
0.099
0.098
0.098
0.098
0.098
0.097
0.097
0.096
0.095
0.094
0.094
0.094
0.092
0.092
0.092
0.092
0.091
0.091
0.091
0.09
0.09
0.09
0.09
0.089
0.089
0.089
0.088
0.088
0.088
0.086
0.086
0.086
0.086
0.085
0.085
0.084
0.083
0.082
0.081
0.08
0.079
0.079
0.078
0.078
0.078
0.077
0.077
0.076
0.076
0.075
0.074
0.073
0.073
0.072
0.072
0.072
0.072
0.071
0.071
0.071
0.071
0.071
0.07
0.07
0.069
0.069
0.069
0.069
0.068
0.068
0.068
0.066
0.066
0.066
0.065
0.065
0.065
0.064
0.063
0.063
0.062
0.062
0.062
0.062
0.061
0.061
0.061
0.06
0.06
0.059
0.059
0.059
0.059
0.059
0.058
0.058
0.057
0.057
0.057
0.057
0.056
0.056
0.056
0.055
0.055
0.055
0.055
0.055
0.055
0.055
0.055
0.055
0.054
0.054
0.053
0.053
0.052
0.052
0.052
0.051
0.051
0.051
0.051
0.051
0.051
0.051
0.051
0.051
0.051
0.051
0.05
0.05
0.05
0.05
0.05
0.05
0.049
0.049
0.049
0.049
0.049
0.048
0.048
0.048
0.048
0.048
0.048
0.048
0.046
0.046
0.046
0.046
0.046
0.045
0.045
0.045
0.044
0.044
0.043
0.043
0.043
0.043
0.043
0.043
0.043
0.042
0.042
0.041
0.041
0.041
0.041
0.04
0.04
0.04
0.04
0.04
0.039
0.039
0.039
0.039
0.039
0.039
0.039
0.039
0.039
0.039
0.039
0.038
0.038
0.038
0.038
0.038
0.038
0.038
0.038
0.038
0.038
0.037
0.037
0.037
0.037
0.036
0.036
0.036
0.036
0.036
0.036
0.035
0.035
0.035
0.035
0.035
0.035
0.034
0.034
0.034
0.034
0.034
0.034
0.033
0.033
0.033
0.033
0.033
0.033
0.032
0.032
0.032
0.032
0.032
0.032
0.032
0.031
0.031
0.031
0.031
0.031
0.031
0.031
0.03
0.03
0.03
0.03
0.03
0.03
0.029
0.029
0.029
0.029
0.029
0.029
0.029
0.029
0.029
0.029
0.029
0.029
0.029
0.029
0.029
0.029
0.029
0.028
0.028
0.028
0.028
0.028
0.028
0.028
0.028
0.028
0.028
0.028
0.028
0.028
0.027
0.027
0.027
0.027
0.027
0.027
0.027
0.027
0.027
0.027
0.027
0.027
0.027
0.027
0.027
0.027
0.026
0.026
0.026
0.026
0.026
0.026
0.026
0.026
0.026
0.025
0.025
0.025
0.025
0.025
0.025
0.025
0.025
0.025
0.025
0.025
0.025
0.025
0.025
0.024
0.024
0.024
0.024
0.024
0.024
0.024
0.024
0.024
0.024
0.024
0.024
0.024
0.024
0.024
0.024
0.024
0.024
0.024
0.024
0.024
0.024
0.024
0.024
0.024
0.024
0.024
0.024
0.023
0.023
0.023
0.023
0.023
0.023
0.023
0.023
0.023
0.023
0.023
0.023
0.023
0.022
0.022
0.022
0.022
0.022
0.022
0.022
0.022
0.022
0.022
0.022
0.022
0.022
0.022
0.022
0.021
0.021
0.021
0.021
0.021
0.021
0.021
0.021
0.021
0.021
0.021
0.021
0.021
0.021
0.02
0.02
0.02
0.02
0.02
0.02
0.02
0.02
0.02
0.019
0.019
0.019
0.019
0.019
0.019
0.019
0.019
0.019
0.019
0.019
0.019
0.019
0.019
0.019
0.019
0.019
0.019
0.019
0.018
0.018
0.018
0.018
0.018
0.018
0.018
0.018
0.018
0.018
0.018
0.018
0.018
0.018
0.018
0.018
0.018
0.018
0.018
0.018
0.018
0.018
0.017
0.017
0.017
0.017
0.017
0.017
0.017
0.017
0.017
0.017
0.017
0.017
0.017
0.017
0.017
0.017
0.017
0.017
0.017
0.017
0.017
0.017
0.017
0.017
0.016
0.016
0.016
0.016
0.016
0.016
0.016
0.016
0.016
0.016
0.016
0.016
0.016
0.016
0.016
0.016
0.016
0.016
0.016
0.016
0.016
0.016
0.016
0.016
0.016
0.016
0.016
0.016
0.016
0.016
0.015
0.015
0.015
0.015
0.015
0.015
0.015
0.015
0.015
0.015
0.015
0.015
0.015
0.015
0.015
0.015
0.015
0.015
0.015
0.014
0.014
0.014
0.014
0.014
0.014
0.014
0.014
0.014
0.014
0.014
0.014
0.014
0.014
0.014
0.014
0.014
0.014
0.014
0.014
0.014
0.014
0.014
0.014
0.014
0.014
0.014
0.014
0.014
0.014
0.014
0.014
0.014
0.014
0.014
0.014
0.014
0.013
0.013
0.013
0.013
0.013
0.013
0.013
0.013
0.013
0.013
0.013
0.013
0.013
0.013
0.013
0.013
0.013
0.013
0.013
0.013
0.013
0.013
0.013
0.013
0.013
0.013
0.013
0.013
0.013
0.013
0.013
0.013
0.012
0.012
0.012
0.012
0.012
0.012
0.012
0.012
0.012
0.012
0.012
0.012
0.012
0.012
0.012
0.012
0.012
0.012
0.012
0.012
0.012
0.012
0.012
0.012
0.012
0.012
0.012
0.012
0.012
0.012
0.011
0.011
0.011
0.011
0.011
0.011
0.011
0.011
0.011
0.011
0.011
0.011
0.011
0.011
0.011
0.011
0.011
0.011
0.011
0.011
0.011
0.011
0.011
0.011
0.011
0.011
0.011
0.011
0.011
0.011
0.011
0.011
0.011
0.011
0.011
0.011
0.011
0.011
0.011
0.011
0.011
0.011
0.011
0.011
0.011
0.011
0.011
0.01
0.01
0.01
0.01
0.01
0.01
0.01
0.01
0.01
0.01
0.01
0.01
0.01
0.01
0.01
0.01
0.01
0.01
0.01
0.01
0.01
0.01
0.01
0.01
0.01
0.01
0.01
0.01
0.01
0.01
0.01
0.01
0.01
0.01
0.01
0.01
0.01
0.01
0.01
0.01
0.01
0.01
0.01
0.01
0.01
0.01
0.009
0.009
0.009
0.009
0.009
0.009
0.009
0.009
0.009
0.009
0.009
0.009
0.009
0.009
0.009
0.009
0.009
0.009
0.009
0.009
0.009
0.009
0.009
0.009
0.009
0.009
0.009
0.009
0.009
0.009
0.009
0.009
0.009
0.009
0.009
0.009
0.009
0.009
0.009
0.009
0.009
0.009
0.009
0.009
0.009
0.009
0.009
0.009
0.009
0.009
0.009
0.009
0.009
0.009
0.009
0.009
0.009
0.009
0.009
0.009
0.009
0.009
0.009
0.009
0.009
0.009
0.009
0.009
0.009
0.008
0.008
0.008
0.008
0.008
0.008
0.008
0.008
0.008
0.008
0.008
0.008
0.008
0.008
0.008
0.008
0.008
0.008
0.008