2
7
12
16
19
22
27
28
29
30
33
37
39
40
44
58
66
72
73
78
98
106
113
119
125
141
143
147
154
155
156
158
161
163
165
174
180
185
190
193
196
199
204
224
228
231
232
242
247
264
265
269
279
290
295
296
297
304
314
316
326
329
332
338
341
344
348
349
350
360
368
369
379
380
383
388
391
395
396
401
406
420
425
436
447
450
459
467
470
472
474
475
476
477
483
490
493
495
497
505
507
510
518
519
520
523
524
527
533
536
541
547
552
553
554
556
558
559
567
572
578
579
581
585
593
595
600
601
604
605
608
610
618
624
626
630
634
638
642
646
647
649
657
660
665
668
671
673
675
678
687
688
695
698
702
704
706
710
718
720
726
727
732
733
734
737
743
746
750
770
775
781
784
785
786
791
793
796
807
809
811
812
813
820
821
826
828
830
833
839
843
845
850
851
854
856
857
858
875
880
882
883
884
886
889
890
913
916
920
922
924
926
931
936
939
943
944
945
946
951
952
954
955
956
957
959
965
966
969
973
974
981
985
986
996
998
1005
1006
1009
1018
1025
1036
1037
1040
1042
1047
1049
1057
1060
1063
1064
1070
1076
1081
1087
1091
1110
1111
1114
1119
1123
1129
1134
1137
1153
1156
1164
1168
1169
1181
1186
1188
1199
1204
1206
1214
1215
1216
1217
1220
1224
1227
1229
1231
1233
1237
1238
1240
1245
1248
1249
1252
1263
1265
1268
1270
1276
1282
1285
1287
1290
1295
1296
1299
1300
1311
1314
1321
1324
1327
1331
1342
1343
1346
1348
1351
1353
1355
1359
1360
1362
1367
1369
1378
1380
1386
1387
1392
1397
1399
1413
1416
1419
1432
1435
1436
1439
1441
1445
1450
1491
1495
1497
1502
1504
1506
1511
1523
1527
1528
1534
1538
1539
1542
1543
1544
1546
1548
1550
1551
1555
1556
1557
1562
1563
1565
1567
1576
1580
1583
1584
1590
1591
1592
1593
1594
1598
1600
1604
1605
1607
1610
1612
1616
1621
1622
1628
1632
1637
1640
1641
1648
1655
1658
1663
1664
1668
1673
1681
1686
1687
1694
1697
1698
1701
1702
1710
1712
1715
1716
1723
1724
1730
1732
1735
1740
1744
1745
1749
1751
1752
1757
1784
1786
1806
1809
1810
1812
1814
1818
1819
1821
1827
1828
1835
1839
1842
1843
1852
1854
1856
1860
1861
1870
1874
1888
1891
1892
1894
1898
1906
1909
1913
1915
1924
1928
1930
1931
1932
1933
1934
1935
1936
1939
1946
1951
1953
1954
1960
1965
1970
1974
1975
1984
1986
1989
1992
2010
2011
2017
2019
2020
2022
2030
2034
2041
2044
2048
2049
2051
2052
2059
2067
2068
2070
2074
2079
2080
2082
2083
2095
2097
2103
2109
2110
2113
2123
2126
2131
2133
2138
2140
2142
2150
2151
2152
2163
2165
2167
2168
2176
2177
2179
2181
2189
2190
2193
2194
2202
2208
2214
2215
2224
2234
2240
2254
2259
2269
2273
2277
2278
2279
2284
2290
2291
2292
2293
2297
2298
2301
2304
2305
2307
2313
2316
2335
2336
2340
2342
2343
2348
2349
2351
2354
2355
2356
2360
2365
2371
2372
2384
2385
2388
2395
2396
2403
2404
2406
2418
2424
2428
2430
2431
2432
2434
2435
2436
2444
2446
2448
2449
2450
2452
2459
2461
2464
2471
2476
2488
2499
2501
2507
2514
2521
2522
2530
2536
2542
2543
2545
2548
2549
2551
2556
2559
2561
2572
2574
2575
2576
2581
2583
2585
2592
2594
2595
2597
2598
2599
2604
2611
2622
2631
2633
2636
2642
2653
2658
2674
2675
2678
2680
2682
2699
2701
2711
2720
2722
2724
2731
2733
2736
2741
2742
2745
2759
2761
2763
2765
2767
2771
2772
2774
2777
2790
2792
2800
2801
2807
2809
2810
2815
2821
2824
2828
2829
2840
2847
2858
2861
2871
2872
2874
2885
2886
2888
2912
2917
2918
2920
2927
2929
2930
2933
2938
2939
2940
2944
2945
2951
2955
2957
2962
2964
2967
2973
2986
2991
2993
2995
2996
3001
3005
3013
3017
3033
3034
3039
3043
3046
3065
3066
3072
3079
3082
3088
3091
3094
3100
3101
3106
3109
3113
3121
3124
3126
3131
3136
3141
3142
3146
3149
3151
3162
3165
3168
3176
3186
3195
3204
3205
3212
3216
3218
3222
3227
3230
3243
3246
3255
3258
3262
3273
3286
3288
3304
3308
3315
3324
3330
3334
3338
3344
3347
3349
3352
3353
3355
3357
3358
3359
3360
3361
3366
3371
3373
3376
3379
3386
3388
3392
3393
3394
3396
3407
3408
3410
3412
3418
3422
3425
3427
3429
3432
3433
3434
3435
3436
3440
3449
3453
3461
3463
3467
3470
3471
3472
3479
3482
3488
3492
3495
3502
3504
3508
3511
3516
3518
3521
3527
3530
3531
3533
3534
3535
3538
3540
3542
3545
3546
3552
3553
3558
3560
3561
3566
3567
3568
3570
3571
3576
3579
3580
3585
3587
3591
3599
3600
3601
3604
3609
3613
3614
3618
3633
3636
3640
3642
3645
3652
3655
3656
3665
3666
3668
3674
3680
3686
3694
3696
3697
3699
3702
3704
3708
3713
3714
3716
3717
3718
3721
3724
3725
3727
3733
3745
3746
3753
3757
3760
3762
3769
3773
3774
3776
3780
3781
3790
3794
3801
3802
3806
3810
3811
3813
3818
3827
3830
3832
3833
3835
3839
3840
3841
3849
3853
3854
3855
3859
3860
3861
3868
3870
3871
3874
3875
3879
3881
3883
3884
3898
3900
3902
3903
3905
3929
3936
3938
3942
3950
3952
3953
3962
3965
3967
3970
3971
3974
3985
3988
3991
3993
4001
4009
4011
4020
4021
4030
4034
4040
4041
4043
4049
4055
4058
4060
4066
4069
4070
4076
4092
4094
4095
4097
4101
4103
4104
4118
4120
4131
4132
4138
4164
4174
4191
4194
4199
4201
4208
4212
4221
4222
4226
4227
4228
4242
4250
4259
4260
4264
4268
4269
4270
4271
4280
4284
4287
4294
4302
4303
4306
4313
4314
4315
4316
4321
4325
4333
4334
4337
4343
4344
4347
4350
4355
4356
4358
4361
4366
4368
4373
4375
4377
4379
4386
4400
4403
4410
4412
4413
4418
4425
4426
4430
4439
4441
4442
4444
4458
4467
4475
4481
4487
4493
4496
4497
4500
4503
4508
4512
4514
4515
4519
4532
4533
4536
4537
4539
4540
4547
4551
4555
4564
4565
4567
4571
4576
4580
4581
4584
4587
4588
4594
4595
4598
4599
4606
4613
4614
4615
4621
4623
4627
4630
4635
4638
4640
4646
4651
4656
4657
4658
4663
4665
4669
4674
4681
4683
4685
4690
4692
4700
4702
4708
4709
4715
4716
4720
4724
4726
4736
4738
4744
4748
4754
4756
4761
4764
4765
4768
4771
4781
4788
4790
4791
4793
4794
4795
4797
4805
4812
4819
4823
4824
4825
4830
4832
4833
4834
4836
4837
4839
4840
4846
4850
4854
4856
4859
4861
4863
4878
4879
4880
4886
4887
4900
4902
4904
4914
4924
4925
4930
4937
4943
4944
4949
4952
4957
4959
4961
4963
4972
4979
4982
4988
4989
4991
4994
5000
5015
5016
5017
5027
5028
5029
5030
5032
5034
5035
5042
5043
5047
5049
5054
5055
5056
5061
5067
5069
5071
5083
5088
5091
5095
5103
5105
5108
5115
5116
5119
5127
5130
5132
5136
5142
5145
5150
5152
5153
5173
5174
5182
5184
5188
5193
5195
5202
5208
5209
5212
5218
5219
5240
5244
5249
5251
5253
5254
5256
5265
5267
5270
5278
5280
5282
5289
5290
5295
5300
5303
5305
5308
5316
5318
5319
5320
5321
5325
5330
5343
5344
5350
5353
5358
5360
5364
5366
5370
5375
5376
5384
5386
5387
5388
5391
5399
5402
5405
5407
5413
5419
5423
5424
5425
5426
5428
5430
5431
5444
5445
5451
5453
5455
5459
5462
5463
5468
5474
5480
5483
5488
5489
5492
5494
5498
5502
5508
5509
5513
5519
5525
5528
5533
5534
5560
5565
5567
5577
5585
5586
5597
5599
5600
5604
5606
5607
5609
5610
5611
5613
5617
5618
5621
5623
5624
5627
5631
5633
5634
5638
5641
5652
5656
5673
5676
5685
5686
5690
5691
5693
5694
5699
5701
5702
5709
5714
5717
5736
5751
5753
5761
5763
5766
5767
5774
5781
5786
5796
5799
5803
5809
5811
5813
5818
5826
5832
5835
5836
5850
5853
5855
5859
5860
5862
5863
5864
5880
5883
5884
5885
5895
5897
5898
5899
5905
5906
5909
5918
5920
5926
5927
5928
5937
5939
5960
5961
5963
5968
5983
5992
5995
5997
6001
6013
6017
6019
6030
6035
6037
6044
6050
6051
6055
6062
6065
6067
6070
6089
6091
6096
6100
6106
6108
6110
6111
6112
6116
6118
6121
6123
6128
6132
6133
6139
6140
6144
6145
6150
6154
6156
6161
6162
6163
6166
6168
6171
6172
6177
6184
6188
6189
6198
6201
6202
6206
6209
6210
6211
6212
6214
6218
6223
6229
6236
6248
6250
6252
6256
6258
6265
6278
6284
6288
6290
6295
6306
6308
6310
6312
6318
6332
6337
6344
6346
6351
6356
6358
6362
6372
6376
6377
6378
6385
6392
6394
6403
6414
6418
6422
6426
6429
6436
6438
6439
6445
6446
6449
6450
6451
6452
6454
6456
6457
6460
6462
6465
6470
6474
6476
6480
6489
6490
6493
6495
6501
6504
6506
6507
6509
6511
6512
6513
6521
6528
6532
6535
6538
6539
6540
6548
6553
6555
6558
6564
6566
6571
6574
6578
6580
6581
6582
6593
6594
6603
6607
6610
6613
6614
6618
6620
6630
6632
6637
6640
6643
6644
6646
6649
6654
6661
6665
6672
6674
6679
6680
6682
6685
6690
6696
6708
6715
6718
6723
6732
6742
6745
6746
6753
6755
6759
6764
6767
6769
6771
6778
6786
6795
6803
6805
6807
6812
6814
6821
6823
6825
6826
6829
6833
6836
6837
6844
6846
6849
6851
6857
6858
6860
6862
6865
6870
6873
6876
6877
6886
6892
6897
6904
6905
6907
6912
6913
6914
6917
6919
6924
6929
6937
6942
6945
6951
6952
6958
6962
6963
6967
6971
6982
6983
6985
6993
6996
7004
7005
7013
7021
7033
7039
7046
7047
7052
7058
7069
7073
7077
7078
7079
7088
7094
7111
7112
7116
7117
7120
7121
7127
7132
7138
7141
7142
7147
7160
7168
7169
7173
7175
7182
7187
7189
7192
7200
7201
7211
7214
7221
7227
7234
7241
7254
7255
7261
7263
7264
7273
7279
7282
7287
7292
7293
7304
7317
7323
7324
7331
7334
7338
7339
7351
7353
7355
7357
7365
7368
7371
7375
7377
7379
7380
7381
7382
7391
7392
7394
7399
7423
7436
7437
7441
7446
7449
7450
7454
7459
7460
7461
7466
7476
7488
7491
7494
7500
7501
7507
7511
7515
7518
7524
7527
7529
7533
7537
7544
7549
7550
7551
7553
7566
7567
7570
7575
7579
7583
7585
7598
7600
7602
7603
7616
7618
7621
7627
7632
7645
7649
7652
7663
7664
7669
7670
7675
7676
7685
7689
7690
7694
7695
7699
7704
7705
7707
7712
7713
7720
7722
7727
7728
7732
7735
7740
7741
7743
7746
7747
7764
7767
7784
7785
7790
7796
7800
7803
7821
7824
7839
7841
7847
7849
7850
7851
7855
7862
7865
7868
7873
7880
7885
7891
7893
7894
7898
7899
7903
7906
7909
7916
7927
7930
7933
7940
7954
7957
7966
7970
7973
7976
7982
7983
7985
7988
8004
8011
8019
8021
8022
8023
8032
8040
8042
8045
8047
8052
8056
8062
8064
8066
8068
8077
8078
8079
8087
8093
8099
8103
8111
8118
8121
8128
8131
8146
8154
8162
8172
8175
8183
8187
8200
8204
8206
8207
8208
8212
8221
8226
8242
8244
8245
8246
8251
8256
8261
8264
8267
8270
8279
8283
8285
8295
8296
8301
8314
8316
8317
8321
8325
8326
8334
8336
8337
8341
8345
8346
8347
8348
8349
8363
8365
8370
8375
8379
8383
8387
8389
8394
8397
8399
8403
8412
8415
8417
8418
8422
8424
8428
8440
8441
8443
8449
8454
8457
8460
8466
8467
8469
8478
8482
8484
8485
8488
8490
8491
8502
8515
8519
8524
8526
8527
8528
8529
8530
8531
8532
8533
8535
8537
8541
8546
8573
8575
8577
8588
8592
8594
8595
8600
8605
8606
8610
8614
8616
8623
8629
8633
8635
8637
8644
8647
8659
8661
8665
8667
8670
8677
8678
8679
8684
8685
8686
8693
8694
8697
8711
8717
8719
8729
8743
8763
8766
8767
8769
8770
8777
8778
8779
8780
8785
8798
8800
8801
8802
8804
8807
8810
8811
8817
8818
8819
8823
8830
8831
8837
8839
8840
8842
8846
8852
8853
8860
8865
8866
8869
8872
8874
8882
8883
8888
8893
8899
8902
8905
8919
8923
8924
8925
8932
8933
8936
8942
8944
8948
8955
8956
8959
8962
8966
8967
8973
8976
8979
8990
8995
8998
9005
9006
9008
9009
9010
9011
9012
9015
9016
9017
9019
9020
9029
9035
9038
9043
9045
9046
9049
9055
9056
9060
9065
9066
9068
9078
9080
9086
9089
9093
9097
9101
9110
9115
9119
9123
9126
9127
9132
9138
9139
9142
9144
9151
9157
9161
9175
9177
9178
9190
9194
9196
9202
9206
9209
9215
9220
9230
9234
9239
9241
9242
9246
9247
9249
9250
9257
9260
9262
9271
9273
9280
9281
9282
9283
9284
9286
9290
9301
9302
9303
9308
9310
9311
9314
9315
9320
9330
9333
9336
9337
9339
9345
9347
9350
9359
9363
9365
9367
9369
9378
9384
9385
9386
9388
9390
9395
9398
9400
9401
9404
9409
9411
9428
9432
9435
9436
9437
9438
9447
9459
9466
9472
9474
9475
9478
9480
9484
9486
9489
9491
9493
9495
9499
9500
9502
9506
9508
9511
9513
9515
9519
9523
9525
9533
9538
9547
9551
9559
9565
9567
9574
9576
9582
9593
9603
9604
9611
9616
9629
9630
9632
9634
9637
9639
9643
9644
9645
9648
9649
9655
9656
9659
9660
9668
9675
9677
9679
9689
9691
9707
9711
9716
9723
9737
9743
9748
9755
9765
9766
9768
9773
9783
9791
9793
9796
9803
9810
9811
9813
9814
9816
9819
9826
9827
9830
9831
9835
9836
9837
9839
9845
9847
9848
9860
9864
9865
9870
9878
9881
9892
9902
9906
9913
9915
9917
9918
9922
9926
9928
9934
9939
9943
9947
9949
9962
9964
9966
9973
9974
9976
9979
9986
9988
9991
9995
9997
9998
4
6
15
32
76
77
80
86
109
110
138
169
175
191
202
203
214
221
240
241
250
253
256
270
301
330
335
371
394
416
430
431
479
481
494
616
645
662
680
700
729
730
748
760
774
838
888
896
907
976
982
997
1000
1002
1015
1030
1078
1105
1133
1145
1146
1147
1191
1197
1225
1235
1259
1293
1307
1309
1333
1354
1358
1370
1377
1382
1391
1394
1398
1406
1407
1425
1433
1442
1465
1473
1499
1501
1514
1585
1643
1644
1677
1682
1737
1748
1766
1774
1799
1802
1808
1830
1846
1875
1883
1902
1912
1917
1940
2065
2125
2132
2141
2149
2198
2200
2221
2233
2246
2253
2267
2303
2309
2312
2331
2332
2350
2353
2378
2413
2447
2485
2496
2523
2539
2558
2564
2565
2586
2596
2612
2614
2616
2648
2673
2686
2700
2705
2709
2718
2750
2754
2770
2781
2784
2786
2795
2804
2820
2826
2837
2843
2851
2855
2857
2860
2876
2877
2881
2898
2902
2909
2949
2980
2982
2989
3008
3019
3020
3026
3029
3035
3048
3056
3074
3083
3120
3128
3130
3189
3194
3198
3240
3283
3314
3316
3335
3336
3363
3404
3450
3454
3468
3483
3499
3501
3503
3509
3510
3512
3528
3529
3532
3583
3622
3630
3637
3657
3661
3681
3691
3701
3736
3742
3829
3845
3856
3882
3885
3892
3897
3909
3925
3930
3951
3955
3963
3983
3989
4010
4035
4042
4044
4053
4062
4063
4073
4074
4121
4142
4143
4145
4188
4196
4202
4231
4235
4240
4286
4297
4323
4353
4359
4371
4374
4408
4417
4459
4501
4502
4593
4648
4655
4667
4671
4673
4677
4678
4746
4774
4776
4806
4842
4847
4852
4885
4889
4891
4921
4941
4948
4968
4971
4983
4996
5006
5024
5031
5048
5060
5078
5080
5100
5107
5113
5162
5171
5194
5201
5207
5214
5269
5287
5292
5314
5333
5338
5345
5352
5363
5397
5414
5421
5433
5448
5478
5504
5529
5530
5557
5570
5575
5593
5632
5658
5671
5684
5706
5731
5732
5735
5768
5801
5824
5854
5889
5954
5959
5967
5973
5979
5981
5982
5988
6024
6028
6033
6093
6094
6113
6178
6183
6196
6224
6231
6239
6260
6327
6350
6354
6366
6371
6416
6419
6421
6430
6459
6484
6486
6492
6494
6536
6546
6601
6624
6639
6660
6671
6703
6710
6712
6714
6729
6747
6765
6820
6824
6831
6848
6856
6868
6874
6894
6956
6957
6969
6987
7006
7014
7018
7037
7065
7075
7136
7148
7154
7167
7170
7199
7208
7213
7220
7224
7266
7276
7281
7286
7300
7314
7319
7330
7363
7373
7388
7390
7406
7409
7426
7428
7432
7444
7453
7457
7486
7489
7499
7517
7522
7557
7590
7592
7612
7623
7654
7734
7738
7755
7797
7814
7817
7825
7907
7910
7946
7998
8012
8014
8020
8026
8086
8090
8148
8150
8169
8174
8179
8182
8201
8205
8210
8240
8249
8258
8265
8274
8282
8315
8324
8357
8369
8374
8380
8381
8413
8438
8448
8464
8468
8501
8506
8520
8521
8554
8584
8585
8611
8648
8663
8680
8702
8703
8736
8737
8744
8750
8768
8773
8782
8828
8876
8890
8915
8946
8954
8960
8964
8977
8982
8994
8996
9003
9037
9103
9105
9106
9124
9146
9160
9163
9174
9181
9221
9223
9256
9264
9278
9293
9294
9295
9307
9319
9334
9379
9407
9421
9426
9434
9442
9446
9456
9470
9488
9509
9516
9537
9552
9564
9585
9591
9610
9615
9641
9690
9694
9703
9708
9718
9731
9732
9734
9746
9774
9777
9779
9781
9785
9806
9825
9838
9869
9877
9895
9898
9924
9932
9941
9942
9952
9975
9993
26
31
79
92
102
103
118
131
135
149
153
164
167
173
183
200
208
212
246
254
255
267
281
293
294
302
305
324
353
376
381
385
405
414
417
429
433
444
492
543
548
598
599
632
653
703
714
716
736
758
802
808
814
815
822
844
860
862
863
864
873
887
901
905
927
950
983
1035
1061
1096
1103
1135
1210
1219
1222
1239
1258
1264
1266
1288
1291
1308
1341
1366
1379
1400
1424
1438
1440
1478
1498
1503
1507
1509
1536
1564
1568
1575
1588
1647
1661
1675
1679
1684
1695
1720
1733
1734
1742
1767
1770
1775
1790
1797
1804
1825
1845
1863
1871
1895
1903
1947
1957
1958
1969
1988
1990
2000
2012
2014
2055
2099
2101
2112
2115
2124
2134
2148
2159
2169
2192
2195
2230
2243
2263
2265
2276
2281
2357
2366
2367
2368
2380
2421
2453
2463
2484
2486
2495
2497
2508
2511
2531
2566
2567
2578
2613
2618
2627
2649
2651
2659
2668
2669
2677
2721
2726
2737
2749
2773
2797
2798
2817
2818
2833
2838
2846
2854
2856
2873
2875
2894
2899
2906
2925
2954
2956
2958
2984
2987
3015
3028
3059
3067
3071
3078
3092
3099
3129
3134
3180
3184
3192
3228
3229
3247
3271
3284
3296
3354
3384
3387
3415
3419
3421
3424
3439
3466
3475
3486
3491
3517
3543
3549
3555
3565
3592
3596
3649
3667
3707
3735
3738
3752
3759
3787
3796
3800
3804
3823
3825
3836
3842
3857
3865
3866
3931
3934
3941
3945
3975
3987
4005
4019
4029
4057
4064
4083
4127
4154
4156
4160
4165
4166
4184
4204
4206
4220
4225
4277
4290
4292
4305
4319
4362
4369
4382
4402
4406
4414
4416
4422
4448
4471
4491
4510
4520
4524
4534
4538
4549
4558
4568
4591
4597
4600
4611
4617
4642
4697
4740
4763
4777
4778
4782
4808
4810
4814
4820
4841
4901
4946
4947
4960
4966
4967
4974
5147
5149
5178
5180
5199
5221
5224
5226
5227
5239
5243
5275
5310
5327
5351
5398
5400
5410
5439
5442
5447
5464
5479
5487
5490
5512
5521
5558
5566
5591
5598
5605
5639
5648
5703
5708
5713
5728
5752
5757
5769
5771
5788
5790
5792
5823
5831
5844
5892
5893
5901
5917
5938
5946
5951
5952
5955
5957
5984
5990
6010
6016
6029
6047
6064
6079
6086
6098
6102
6124
6138
6147
6176
6200
6208
6220
6230
6305
6316
6341
6343
6386
6393
6455
6467
6544
6554
6562
6575
6584
6586
6599
6602
6609
6664
6689
6692
6701
6724
6731
6748
6788
6802
6832
6841
6852
6859
6889
6916
6938
6950
6970
6991
7015
7036
7070
7074
7093
7099
7100
7106
7119
7133
7174
7178
7195
7215
7237
7260
7268
7278
7296
7298
7307
7320
7352
7362
7395
7408
7416
7417
7429
7448
7456
7482
7484
7493
7496
7497
7498
7513
7514
7536
7540
7541
7542
7545
7548
7554
7556
7565
7568
7576
7582
7601
7605
7615
7650
7659
7673
7674
7697
7715
7721
7731
7736
7739
7772
7816
7819
7833
7838
7859
7886
7911
7969
7974
7981
7984
7991
8008
8043
8048
8049
8051
8055
8075
8102
8129
8193
8216
8234
8252
8255
8269
8278
8281
8284
8340
8356
8366
8405
8458
8470
8471
8486
8489
8492
8505
8511
8513
8516
8518
8539
8547
8558
8559
8567
8582
8587
8591
8602
8603
8618
8669
8705
8732
8761
8803
8820
8821
8867
8880
8914
8916
8938
8940
8969
8978
9002
9022
9061
9074
9075
9088
9092
9107
9117
9125
9148
9185
9217
9236
9259
9300
9328
9346
9373
9391
9427
9440
9485
9496
9557
9558
9578
9579
9589
9596
9601
9613
9621
9652
9682
9719
9720
9738
9744
9808
9820
9833
9855
9894
9987
1
24
52
69
83
159
160
172
188
237
288
308
321
322
334
367
426
442
457
468
501
504
514
531
565
566
568
575
586
637
639
658
697
711
742
756
759
780
803
842
846
885
908
914
949
975
1007
1062
1088
1090
1175
1190
1198
1243
1257
1260
1262
1275
1315
1319
1350
1396
1401
1468
1469
1479
1485
1496
1515
1520
1636
1645
1671
1726
1728
1756
1764
1779
1785
1798
1811
1831
1855
1885
1944
1971
1985
2001
2007
2075
2076
2078
2105
2117
2136
2153
2156
2199
2235
2250
2251
2275
2285
2311
2325
2398
2458
2469
2498
2504
2515
2555
2562
2607
2641
2671
2693
2748
2755
2794
2802
2832
2836
2870
2903
2904
2908
2914
2978
3023
3031
3040
3050
3095
3112
3114
3145
3177
3206
3226
3268
3281
3285
3291
3329
3331
3332
3339
3362
3459
3460
3496
3497
3498
3523
3577
3615
3629
3646
3654
3672
3678
3682
3685
3689
3692
3778
3789
3795
3807
3809
3812
3819
3831
3843
3848
3851
3943
3946
3958
3960
3981
4048
4081
4108
4114
4180
4185
4200
4210
4218
4252
4258
4267
4274
4285
4310
4378
4387
4391
4478
4480
4507
4577
4589
4633
4680
4689
4728
4731
4739
4828
4869
4888
4894
4916
4929
4935
4956
4958
4976
4978
4985
5020
5036
5076
5092
5139
5257
5306
5336
5337
5342
5390
5436
5450
5470
5476
5477
5503
5541
5545
5547
5549
5564
5622
5630
5640
5661
5664
5672
5677
5681
5712
5760
5819
5822
5833
5841
5874
5887
5921
5929
5936
5941
5942
5965
5977
6009
6026
6085
6099
6120
6192
6262
6267
6283
6298
6315
6365
6374
6379
6407
6413
6417
6463
6481
6487
6543
6559
6568
6569
6596
6627
6694
6704
6719
6782
6789
6798
6799
6815
6903
6908
6911
6930
6959
6968
6980
6994
7008
7010
7042
7061
7092
7097
7108
7171
7196
7291
7297
7327
7332
7337
7383
7469
7477
7510
7620
7628
7629
7641
7642
7681
7683
7693
7733
7750
7757
7765
7766
7782
7808
7818
7829
7843
7866
7961
7967
7994
8050
8054
8076
8126
8127
8195
8211
8214
8215
8223
8268
8277
8292
8312
8329
8339
8343
8429
8445
8503
8514
8564
8565
8576
8580
8604
8622
8624
8634
8636
8645
8654
8681
8735
8790
8797
8812
8838
8844
8885
8894
8909
8970
8985
8992
8999
9042
9109
9111
9191
9212
9269
9274
9396
9423
9441
9444
9452
9457
9461
9463
9510
9532
9599
9622
9624
9635
9665
9674
9680
9701
9722
9733
9812
9849
9873
9887
9889
9891
9951
9972
9983
9984
10
36
51
57
97
111
132
179
245
251
282
384
422
464
471
529
537
544
577
683
693
723
749
778
782
788
789
794
804
837
840
841
903
933
958
978
980
1028
1032
1053
1054
1125
1136
1150
1159
1163
1167
1203
1255
1289
1335
1347
1404
1409
1426
1460
1467
1487
1513
1517
1519
1524
1532
1578
1617
1656
1660
1672
1714
1719
1758
1759
1761
1837
1847
1859
1889
1904
1950
2025
2027
2040
2043
2104
2137
2204
2220
2232
2262
2310
2328
2334
2512
2518
2540
2544
2621
2625
2628
2647
2652
2670
2694
2704
2730
2739
2803
2816
2830
2831
2834
2852
2878
2895
2923
2963
3036
3080
3139
3148
3156
3191
3211
3232
3250
3260
3309
3322
3328
3364
3367
3382
3417
3457
3582
3602
3611
3641
3684
3730
3737
3758
3873
3876
3964
3972
4077
4084
4099
4102
4125
4146
4153
4217
4230
4254
4296
4335
4427
4443
4505
4528
4529
4560
4578
4585
4592
4609
4637
4662
4737
4742
4758
4779
4817
4818
4822
4909
4927
4950
5001
5005
5013
5106
5109
5110
5117
5128
5185
5248
5252
5271
5277
5293
5335
5401
5420
5440
5511
5518
5535
5538
5589
5616
5655
5700
5704
5707
5770
5798
5817
5827
5856
5871
5881
5888
5902
5908
5911
5923
5953
5980
6015
6025
6039
6072
6081
6084
6090
6092
6101
6136
6149
6179
6194
6240
6241
6322
6323
6331
6353
6382
6464
6472
6519
6531
6537
6541
6611
6615
6642
6676
6779
6818
6819
6834
6855
6875
6899
6932
6933
6941
6949
6978
7001
7007
7024
7034
7076
7105
7107
7118
7122
7244
7301
7333
7341
7344
7369
7370
7385
7421
7502
7543
7614
7619
7644
7656
7716
7730
7756
7783
7805
7806
7864
7884
7917
7993
7995
8140
8145
8178
8257
8287
8354
8408
8439
8447
8487
8590
8593
8683
8726
8788
8841
8850
8884
8892
8917
8929
8989
9025
9039
9041
9051
9083
9087
9091
9120
9149
9150
9158
9162
9169
9180
9226
9238
9251
9277
9292
9349
9354
9370
9381
9387
9392
9420
9477
9492
9494
9530
9562
9569
9584
9607
9619
9658
9681
9715
9828
9841
9909
9923
9935
9960
54
65
114
194
220
286
303
313
317
320
346
366
390
482
506
508
511
574
587
589
623
663
676
761
763
766
801
869
912
930
962
970
990
1033
1101
1118
1122
1157
1170
1174
1182
1211
1232
1244
1313
1323
1344
1345
1365
1385
1395
1417
1490
1512
1522
1531
1581
1599
1713
1743
1765
1778
1781
1813
1862
1869
1872
1881
1916
1925
1961
1962
1991
1997
2038
2046
2135
2173
2187
2206
2207
2223
2260
2264
2282
2287
2320
2397
2402
2411
2412
2420
2487
2526
2569
2590
2617
2629
2656
2683
2698
2713
2735
2762
2808
2835
2869
2983
2988
2999
3118
3122
3132
3138
3172
3233
3239
3267
3270
3275
3280
3287
3289
3293
3294
3311
3326
3342
3428
3443
3477
3550
3631
3632
3709
3761
3852
3864
3932
3949
3997
3999
4013
4014
4024
4080
4115
4157
4211
4213
4224
4243
4265
4309
4329
4602
4605
4650
4654
4672
4686
4687
4694
4706
4741
4755
4845
4860
4877
4899
5003
5010
5041
5052
5057
5058
5062
5065
5070
5093
5094
5111
5159
5163
5164
5233
5268
5286
5296
5304
5323
5412
5522
5596
5625
5643
5687
5692
5721
5789
5800
5808
5838
5842
5932
5947
5949
5972
5994
6006
6007
6014
6054
6060
6063
6075
6078
6141
6142
6259
6275
6280
6281
6309
6313
6361
6402
6469
6547
6552
6565
6591
6612
6651
6659
6722
6735
6766
6785
6790
6793
6801
6850
6915
6921
6939
6948
6954
6960
6964
6966
6989
6995
7054
7085
7135
7137
7153
7159
7184
7235
7343
7367
7414
7419
7420
7425
7435
7445
7465
7512
7555
7562
7577
7594
7658
7717
7752
7857
7858
7920
7944
7971
8017
8039
8067
8152
8165
8191
8213
8248
8328
8351
8392
8459
8481
8493
8522
8523
8556
8583
8608
8640
8642
8698
8734
8745
8755
8762
8764
8784
8889
8926
8980
8997
9028
9030
9047
9054
9057
9072
9076
9095
9116
9130
9143
9167
9170
9204
9237
9291
9326
9329
9344
9382
9383
9431
9518
9524
9625
9628
9669
9704
9705
9717
9758
9759
9763
9822
11
17
23
63
91
126
216
219
234
238
319
352
361
386
455
463
478
488
512
563
573
603
619
629
631
659
684
725
728
754
818
855
874
876
937
992
993
1019
1052
1069
1098
1100
1127
1141
1158
1207
1261
1384
1451
1571
1620
1631
1674
1676
1680
1685
1699
1754
1763
1787
1816
1844
1905
1920
1983
2037
2066
2119
2121
2155
2178
2241
2271
2295
2321
2337
2390
2400
2465
2490
2679
2716
2757
2783
2823
2883
2916
2998
3009
3054
3103
3119
3140
3171
3178
3179
3231
3256
3337
3398
3402
3481
3525
3634
3647
3651
3749
3786
3820
3828
3890
3904
4008
4036
4087
4093
4134
4151
4162
4178
4193
4244
4253
4328
4363
4380
4397
4440
4455
4461
4504
4553
4572
4579
4780
4804
4811
4874
4903
4908
4915
4917
4975
4977
5008
5085
5097
5158
5169
5183
5192
5223
5234
5238
5242
5245
5246
5263
5297
5301
5348
5372
5379
5456
5458
5495
5501
5516
5517
5537
5543
5551
5556
5568
5573
5583
5614
5649
5659
5697
5722
5723
5758
5762
5845
5891
5943
5970
6066
6068
6069
6127
6170
6197
6203
6228
6238
6257
6317
6340
6357
6359
6383
6425
6497
6508
6563
6635
6641
6667
6673
6717
6720
6728
6740
6774
6776
6797
6828
6838
6864
6901
6976
6990
7040
7055
7067
7082
7123
7124
7130
7152
7155
7191
7217
7262
7275
7283
7284
7299
7302
7359
7378
7401
7403
7418
7424
7452
7597
7610
7748
7751
7791
7799
7826
7845
7852
7892
7908
7939
7947
7965
7975
8025
8036
8037
8038
8095
8098
8100
8112
8117
8135
8139
8220
8228
8247
8275
8293
8299
8300
8302
8385
8393
8431
8432
8472
8473
8566
8630
8708
8771
8809
8848
8873
8907
8920
8931
8935
8968
8986
9034
9036
9113
9118
9156
9164
9173
9205
9208
9229
9304
9413
9425
9448
9454
9460
9462
9468
9501
9526
9527
9540
9553
9560
9572
9583
9598
9600
9620
9631
9647
9713
9742
9761
9784
9792
9815
9824
9842
9904
9910
9959
5
42
70
121
134
140
198
222
227
309
311
328
359
438
496
513
528
588
674
715
755
783
816
834
853
881
895
910
988
1003
1048
1051
1056
1059
1067
1068
1083
1108
1112
1116
1130
1132
1242
1330
1349
1403
1423
1453
1472
1488
1613
1646
1760
1840
1867
1948
1952
1963
1978
2015
2021
2062
2081
2090
2216
2217
2228
2274
2358
2416
2457
2462
2478
2634
2639
2696
2744
2752
2796
2819
2850
2864
2865
2889
2892
2896
2921
2979
3014
3032
3068
3073
3089
3153
3200
3221
3224
3272
3277
3292
3317
3318
3369
3378
3383
3406
3446
3480
3513
3524
3594
3605
3627
3659
3751
3826
3919
3977
4032
4037
4045
4079
4136
4161
4214
4256
4293
4312
4357
4415
4419
4429
4437
4450
4454
4511
4552
4636
4639
4664
4721
4730
4796
4831
4848
4851
4871
5011
5019
5026
5059
5074
5086
5122
5125
5131
5133
5220
5261
5288
5326
5334
5374
5427
5443
5461
5555
5561
5653
5683
5745
5749
5780
5847
5868
5933
5962
5976
5999
6005
6011
6023
6031
6049
6074
6114
6158
6167
6264
6268
6273
6279
6302
6342
6369
6384
6395
6423
6522
6534
6561
6597
6604
6655
6705
6727
6763
6768
6770
6847
6872
6893
6981
7019
7056
7113
7125
7144
7194
7203
7205
7212
7226
7232
7247
7253
7303
7328
7340
7358
7364
7405
7471
7560
7593
7595
7604
7611
7678
7696
7723
7729
7770
7787
7807
7812
7842
7913
7918
7963
8001
8053
8105
8132
8158
8239
8260
8304
8355
8436
8461
8475
8512
8549
8598
8607
8620
8650
8660
8673
8676
8682
8712
8715
8758
8845
8858
8903
8908
8975
8984
8988
9064
9210
9211
9276
9297
9325
9356
9375
9389
9405
9528
9543
9653
9662
9725
9754
9756
9767
9771
9885
9925
9930
9992
67
100
136
144
171
374
473
515
606
664
694
719
824
831
849
894
918
921
1080
1297
1383
1494
1595
1670
1838
1865
1866
1943
1996
2053
2061
2188
2239
2270
2370
2373
2394
2419
2509
2527
2570
2714
2728
2827
2859
2911
2941
2942
2960
2971
2974
2994
3057
3097
3104
3107
3150
3152
3164
3190
3214
3235
3249
3282
3395
3464
3548
3562
3606
3619
3620
3791
3793
3834
3887
3916
3986
3998
4003
4067
4072
4133
4167
4173
4331
4354
4365
4506
4590
4713
4743
4844
4872
4955
4962
4980
4987
4995
4997
5073
5204
5274
5285
5329
5389
5499
5539
5544
5550
5569
5587
5729
5795
5797
5852
5912
5956
5993
6008
6104
6126
6175
6187
6217
6243
6321
6335
6380
6420
6441
6444
6473
6496
6524
6542
6573
6638
6653
6681
6688
6699
6752
6758
6784
6810
6817
6884
6898
6955
7029
7139
7146
7236
7251
7312
7313
7347
7481
7523
7525
7571
7586
7591
7596
7613
7630
7671
7744
7771
7775
7778
7792
7820
7861
7877
7889
7941
7950
7951
7997
8070
8081
8106
8151
8159
8166
8167
8185
8229
8423
8433
8450
8662
8689
8696
8704
8756
8789
8794
8796
9031
9048
9199
9200
9287
9380
9417
9453
9514
9546
9549
9573
9586
9590
9612
9623
9626
9642
9693
9745
9805
9840
9859
9871
9899
9914
9921
45
93
152
162
210
342
356
410
485
596
615
617
717
724
757
767
773
1140
1176
1228
1271
1279
1339
1500
1516
1566
1602
1689
1708
1777
1982
1987
2013
2057
2072
2092
2139
2158
2180
2315
2327
2361
2362
2401
2454
2479
2503
2525
2584
2644
2654
2717
2746
2822
2863
2866
2882
3007
3070
3163
3167
3175
3183
3209
3350
3385
3438
3520
3643
3729
3766
3817
3862
3872
3888
3922
4006
4111
4163
4179
4289
4317
4346
4436
4438
4473
4518
4548
4559
4575
4582
4684
4718
4745
4766
4770
4864
4922
4940
4942
5004
5025
5129
5135
5157
5166
5176
5191
5283
5284
5307
5362
5385
5460
5471
5493
5506
5514
5563
5647
5695
5710
5727
5784
5806
5858
5904
5964
6040
6232
6269
6291
6299
6367
6432
6443
6479
6482
6605
6608
6621
6633
6726
6750
6761
6780
6861
6931
6961
7012
7017
7087
7149
7180
7202
7316
7322
7366
7439
7440
7443
7447
7462
7503
7532
7580
7662
7725
7774
7872
7980
7990
8101
8141
8155
8170
8173
8196
8209
8271
8291
8303
8319
8390
8391
8411
8494
8534
8538
8557
8646
8730
8747
8757
8814
8826
8930
9073
9197
9275
9343
9402
9408
9507
9587
9709
9730
9778
9782
9884
9886
9896
9916
9937
9994
90
105
187
248
331
358
404
434
443
446
516
517
539
640
741
747
792
825
871
928
971
1010
1021
1075
1107
1166
1213
1269
1278
1312
1371
1372
1462
1626
1659
1823
1850
1884
2106
2164
2175
2306
2352
2383
2393
2429
2467
2468
2529
2606
2708
2734
2751
2947
3061
3075
3123
3161
3203
3219
3264
3431
3445
3447
3485
3490
3519
3526
3669
3824
3894
3979
4007
4068
4182
4216
4238
4396
4469
4470
4561
4622
4711
4786
4800
4954
4990
4992
5063
5064
5186
5200
5235
5313
5317
5357
5406
5411
5416
5418
5452
5716
5791
5804
5872
5873
5879
5910
5919
6125
6270
6326
6398
6400
6433
6448
6545
6616
6781
6800
6816
6854
7062
7071
7096
7129
7204
7295
7318
7326
7345
7464
7490
7635
7651
7666
7708
7710
7793
7935
7960
7968
8119
8153
8188
8194
8327
8373
8386
8388
8406
8638
8722
8723
8792
8835
8847
8864
8877
8918
9004
9027
9033
9044
9085
9090
9171
9184
9245
9360
9455
9479
9678
9721
9747
9823
9920
9946
9958
94
235
336
345
354
355
451
546
557
612
641
651
790
868
938
984
1041
1086
1149
1221
1226
1376
1415
1466
1486
1627
1692
1706
1711
1718
1783
1792
1815
1900
1929
1993
2029
2107
2116
2170
2248
2258
2266
2300
2323
2425
2480
2635
2725
2727
2758
2813
2901
2928
2935
2976
3051
3115
3133
3248
3274
3276
3343
3469
3489
3563
3635
3662
3677
3743
3935
3948
3978
4004
4086
4090
4096
4155
4266
4336
4394
4420
4462
4479
4489
4603
4604
4629
4631
4645
4676
4762
4775
4849
4881
4882
4964
5014
5046
5082
5084
5087
5215
5273
5356
5408
5429
5615
5666
5668
5711
5734
5755
5802
5810
5882
5907
5914
6088
6129
6135
6182
6204
6213
6249
6286
6294
6304
6348
6390
6424
6478
6527
6588
6590
6648
6656
6668
6691
6730
6888
6965
6973
7027
7030
7095
7098
7239
7335
7354
7393
7422
7495
7538
7546
7581
7588
7634
7667
7672
7780
7823
7856
7958
8002
8029
8142
8177
8219
8323
8330
8342
8371
8401
8452
8551
8570
8631
8822
8832
8855
8921
8987
9069
9168
9252
9299
9321
9351
9412
9433
9505
9531
9561
9592
9817
9971
84
151
184
186
258
466
691
705
817
848
879
1043
1113
1236
1356
1374
1412
1470
1535
1559
1560
1603
1634
1690
1836
1959
1973
1979
2172
2183
2226
2386
2426
2481
2546
2553
2605
2692
2887
2897
2997
3004
3251
3345
3586
3608
3648
3675
3739
3821
3869
3901
3908
3956
4023
4139
4147
4149
4152
4385
4428
4521
4544
4619
4634
4799
4870
4911
5172
5189
5294
5302
5491
5500
5520
5645
5680
5724
6174
6185
6219
6222
6247
6325
6447
6600
6678
6783
6787
6997
7140
7161
7210
7309
7329
7492
7531
7561
7798
7804
7813
7972
8072
8088
8202
8233
8358
8550
8552
8613
8692
8749
8752
9032
9145
9187
9207
9298
9324
9451
9512
9627
9799
9807
9844
9868
9933
9950
9967
170
181
230
263
340
469
480
583
607
911
1031
1038
1077
1084
1089
1148
1172
1173
1247
1284
1301
1411
1447
1471
1541
1649
1693
1776
1901
1919
1927
1976
2035
2382
2534
2588
2620
2667
2712
2719
2842
2862
2977
3016
3047
3060
3372
3473
3493
3537
3575
3623
3688
3777
3846
3924
3959
4075
4130
4172
4339
4395
4453
4484
4526
4607
4624
4733
5051
5102
5143
5160
5236
5266
5377
5531
5536
5582
5628
5636
5765
5846
5866
5870
5991
6073
6130
6557
6585
6629
6663
6760
7053
7145
7256
7290
7519
7633
7745
7794
7895
7922
7929
8007
8041
8147
8498
8627
8805
8922
9026
9071
9081
9159
9172
9213
9219
9232
9263
9266
9366
9414
9439
9541
9666
9671
9688
9736
9818
9843
9856
9957
9989
150
244
382
402
440
613
765
852
893
915
1066
1102
1281
1334
1457
1475
1476
1533
1624
1691
1896
2054
2174
2405
2442
2513
2547
2780
2844
2992
3086
3093
3135
3144
3170
3302
3426
3712
3891
3893
3910
3921
4028
4110
4113
4236
4248
4255
4272
4332
4407
4463
4466
4516
4574
4688
5022
5156
5203
5210
5247
5272
5299
5380
5415
5507
5660
5746
5865
6191
6458
6488
6677
6813
7048
7246
7308
7479
7535
7622
7888
8005
8006
8034
8080
8125
8232
8444
8483
8562
8666
8709
8716
8727
8774
8775
8827
8878
8879
9137
9155
9228
9358
9465
9566
9581
9597
9609
9776
9929
166
280
285
300
378
739
836
900
940
1065
1171
1430
1537
1597
1662
1717
1741
1801
1955
1968
2018
2209
2229
2381
2433
2489
2519
2520
2535
2587
2619
2624
2661
2691
2702
3108
3154
3201
3208
3245
3389
3507
3573
3597
3731
3782
3814
3992
4061
4089
4273
4291
4393
4476
4596
4626
4883
5096
5170
5197
5312
5354
5590
5635
5777
5778
5849
5867
5869
5931
6109
6143
6237
6289
6525
6675
6700
6706
6806
7028
7057
7089
7126
7158
7271
7668
7912
8059
8156
8272
8280
8322
8561
8581
8655
8699
8781
8910
9052
9529
9544
9588
9594
9673
9697
9789
9821
9883
9919
9
133
333
343
375
407
424
428
499
521
779
904
906
995
1001
1020
1026
1104
1144
1241
1280
1292
1388
1443
1574
1606
1629
1651
1800
1876
1893
1918
1995
2096
2318
2329
2346
2369
2554
2630
2660
2687
2868
2936
2948
3038
3064
3166
3238
3303
3380
3442
3588
3693
3740
3744
3772
3822
4124
4197
4464
4490
4550
4570
4601
4660
4670
4807
4827
4875
4884
4934
4945
4999
5250
5264
5361
5371
5422
5825
6041
6087
6117
6215
6300
6360
6388
6405
6510
6695
6881
6992
7072
7083
7150
7183
7257
7265
7277
7402
7487
7506
7587
7636
7759
7875
7883
7897
7924
7926
7986
8035
8254
8309
8350
8507
8555
8664
8672
8721
8808
8824
8833
8957
8972
9053
9218
9362
9469
9555
9608
9650
9749
9788
9853
9857
9981
9990
81
112
122
192
229
306
323
364
373
408
530
744
994
1072
1336
1483
1484
1789
1824
1873
1886
1967
2161
2196
2729
2768
3058
3069
3196
3217
3265
3307
3401
3451
3785
3816
3880
3954
4022
4059
4123
4281
4465
4569
4699
4784
4787
4802
4858
4866
4918
4928
5112
5120
5151
5165
5179
5222
5403
5602
5688
5733
5807
5828
5829
5886
6020
6036
6345
6520
6634
6713
6910
7002
7045
7104
7228
7349
7396
7773
7781
7786
7901
7942
7943
8133
8192
8225
8307
8378
8382
8400
8426
8579
8643
8700
8713
8965
9062
9112
9135
9192
9216
9265
9397
9429
9481
9575
9780
9890
9901
137
365
672
977
1014
1310
1328
1375
1505
1518
1601
1611
2071
2086
2128
2143
2157
2210
2494
2510
2638
2666
2788
2848
2849
3045
3188
3259
3375
3377
3390
3423
3484
3556
3603
3783
3850
3933
4012
4082
4088
4116
4128
4300
4390
4399
4447
4452
4474
4898
5315
5592
5642
5726
5738
6165
6391
6411
6595
6625
6923
7162
7225
7434
7483
7552
7617
7661
7686
7742
7921
7925
7964
8071
8074
8176
8189
8298
8320
8338
8402
8731
8751
8949
8974
9023
9176
9342
9545
9676
9700
9760
9801
9854
9863
146
148
445
591
707
827
892
961
1013
1027
1092
1187
1625
1683
1746
1833
1882
2008
2114
2122
2257
2326
2389
2417
2506
2646
2891
2905
2952
3062
3084
3253
3300
3301
3650
3660
3748
3863
3923
4047
4137
4171
4241
4251
4531
4583
4659
4691
4693
4747
4826
4969
5741
5750
5812
5944
5948
6221
6389
6556
6619
6736
6737
6839
6866
6920
6925
7164
7315
7412
7473
7509
7526
7539
7647
7703
7754
7802
7987
8063
8089
8134
8235
8318
8437
8495
8553
8619
8791
9021
9084
9240
9268
9313
9318
9353
9399
9497
9498
9614
9866
9888
9903
9977
271
339
400
465
740
897
1024
1073
1477
1547
1807
1911
2031
2186
2245
2345
2455
2505
2608
2743
2924
2990
3263
3278
3397
3474
3653
4065
4148
4158
4183
4620
4628
4632
4734
4857
4951
4965
5021
5114
5241
5365
5383
5404
5432
5482
5782
5794
5857
5958
6043
6160
6181
6227
6349
6485
6882
6988
7035
7430
7547
7692
7700
7711
7832
7928
7931
7978
7999
8163
8273
8306
8410
8548
8759
8799
8861
8887
8897
9100
9795
9809
9907
53
178
197
307
397
532
762
832
1044
1185
1587
1998
1999
2130
2160
2185
2197
2376
2775
2880
2907
3006
3215
3257
3391
3539
3551
3559
3593
3598
3638
4311
4330
4398
4472
4610
4919
5279
5650
5840
5975
6190
6199
6233
6235
6255
6274
6330
6339
6368
6743
6757
6909
7020
7103
7269
7397
7574
7657
7822
7879
7900
7905
8009
8024
8058
8104
8161
8186
8230
8496
8687
8718
8793
8856
9007
9225
9327
9535
9595
9646
9770
9790
9879
8
34
116
217
276
284
377
486
654
681
999
1131
1161
1195
1223
1274
1361
1464
1704
1705
1907
2676
2715
2753
2769
2812
2879
3003
3024
3030
3049
3125
3547
3698
4038
4071
4189
4209
4234
4298
4307
4367
5053
5066
5378
5454
5612
5754
5793
5966
6180
6410
6442
7209
7219
7229
7238
7558
7569
7626
7637
7691
7737
8000
8253
8361
8776
8843
8895
8896
9082
9153
9288
9296
9312
9556
9664
9753
9858
75
85
89
177
213
236
435
551
669
682
865
1246
1364
1381
1405
1421
1428
1455
1794
2047
2060
2120
2144
2201
2359
2379
2445
2600
2811
2893
2900
2985
3021
3052
3127
3341
3409
3719
3763
3968
4207
4219
4276
4557
4803
4998
5281
5466
5515
5646
5773
6083
6225
6271
6336
6466
6483
6551
6567
6570
6589
6702
6725
6902
7245
7305
7321
7361
7372
7411
7427
7609
7934
7992
8180
8237
8241
8288
8991
9024
9050
9419
9445
9686
9735
60
205
226
268
413
461
661
731
1099
1180
1250
1317
1352
1431
1552
1780
1848
2004
2009
2094
2363
2560
2779
2934
2961
3010
3055
3173
3210
3269
3298
3321
3403
3506
4169
4618
4668
4785
4873
4897
5089
5437
5523
5526
5588
5601
5915
6000
6148
6151
6195
6329
6396
6791
6809
6867
6900
7003
7009
7041
7181
7289
7336
7360
7844
7962
8016
8120
8286
8706
8772
9289
9305
9415
9536
9699
249
273
389
392
549
555
636
712
751
1023
1095
1303
1414
1942
2056
2247
2252
2333
2387
2392
2470
2602
2623
2663
2684
3090
3261
3319
3413
3741
3771
3779
3940
4135
4141
4245
4246
4542
4769
4789
4801
4855
4926
5081
5730
6577
6606
6636
7455
7655
7684
7718
7828
7923
8109
8218
8243
8311
8313
8517
8540
8695
8961
8993
9154
9235
9522
9893
9908
21
104
576
627
635
764
805
867
891
923
1253
1373
1489
1521
1639
2154
2162
2211
2219
2227
2347
2528
2541
2975
3027
3111
3670
3770
3784
3799
3867
3920
3996
4025
4050
4288
4523
4530
4643
4653
4853
4890
5395
5580
5740
5820
5894
5950
6045
6157
6307
6314
6387
6526
6592
6617
6658
6840
7023
7049
7084
7110
7115
7166
7463
7485
7701
7762
7831
8073
8083
8294
8362
8427
8456
8477
8497
8617
8742
8971
9058
9140
9201
9231
9548
9726
9936
9970
3
56
64
538
685
771
797
948
1165
1302
1526
1558
1623
1657
1707
1731
1773
1879
2129
2182
2294
2414
2483
2538
2568
2922
3041
3077
3147
3356
3381
3764
3767
3928
4000
4100
4237
4372
4433
4546
4563
4573
4661
4835
4970
5140
5148
5181
5190
5497
5594
5679
5878
5985
6038
6253
6657
6670
6762
6871
7051
7134
7156
7285
7521
7646
7955
8114
8168
8171
8589
8656
9001
9059
9133
9141
9364
9394
9605
9636
117
274
325
439
500
542
925
979
989
1194
1390
1480
1561
1864
1945
2033
2225
2410
2557
2563
2703
3169
3671
3703
3815
3917
4644
4719
4751
4792
4910
5485
5581
5595
5705
5851
5900
6234
6412
6698
6906
6934
6944
6999
7143
7177
7185
7218
7706
7779
8027
8124
8144
8310
8353
8442
8632
8753
8943
9476
9752
9764
9772
9980
20
327
409
441
561
677
919
953
1192
1408
1459
1549
1768
2064
2118
2427
2492
2537
2723
2738
2867
2884
3237
3414
3847
3937
3973
4388
4449
4460
4498
4750
4905
4938
5322
5465
5572
5689
5747
5986
6119
6146
6155
6159
6164
6205
6319
6523
6741
6772
6943
7386
7474
8084
8094
8096
8107
8137
8197
8231
8733
9077
9279
9542
9702
9769
61
62
266
709
835
1039
1120
1340
1666
1791
1796
1834
1922
1980
2032
2063
2283
2732
3644
3710
3747
3838
3899
4159
4186
4232
4352
4649
4704
4809
4893
5155
5446
5629
5816
6152
6409
6773
6792
6863
6896
6926
6977
7066
7109
7415
7438
7559
7573
7638
7643
7648
7709
7795
8069
8110
8149
8236
8308
8364
8419
8754
9122
9147
9243
9361
9550
9685
9786
55
357
462
798
859
1178
1234
1267
1338
1727
1908
1966
2212
2423
2443
2603
2853
3098
3213
3306
4109
4181
4370
4381
4423
4545
4735
4907
5040
5104
5228
5620
5670
5682
5719
6328
6431
6711
6979
7197
7258
7342
7528
7863
7867
7890
7977
8044
8305
8398
8854
8898
8963
9750
9800
9945
10000
99
299
370
423
960
1193
1218
1256
1326
1368
1402
1829
2147
2341
2399
2593
2764
2782
2841
3076
3368
3456
3478
3536
3589
3966
4195
4525
4652
4714
4813
4821
4829
4920
5068
5486
5787
5805
6254
6928
7179
8003
8061
8276
8981
9165
9261
9335
9341
9393
9410
9467
9568
9657
9802