880.85
688.44
568.66
511.62
505.17
418.07
397.51
318.17
298.13
290.27
287.32
282.62
267.04
263.45
261.85
259
249.37
246.93
238.87
237.07
230.4
224.59
221.57
220.02
203.28
189.03
186.47
185.83
181.09
175.55
172.73
171.77
163.57
163.24
162.73
155.73
153.27
153.23
153.13
152.81
152.64
144.2
137.88
136.21
135.75
134.4
130.43
126.87
124.43
120.54
120.2
117.83
117.54
115.99
115.89
115.57
114.96
111.39
111.01
109.28
109.13
102.46
101.96
100.12
99.14
98.57
98.14
97.71
96.52
94.45
94.2
94.07
93.33
92.5
91.67
89.87
89.25
88.62
87.75
86.46
86.19
85.66
85.03
84.8
83.34
82.85
81.94
81.89
81.54
80.68
80.28
79.94
79.86
79.58
79.23
78.92
78.83
78.17
78
77.95
77.88
77.34
74.75
73.6
73.11
72.51
72.04
71.94
71.94
71.89
71.71
71.58
70.71
70.67
69.86
69.61
69.5
68.9
68.36
68.12
67.44
67.25
66.14
66.13
65.69
65.37
65.28
65.09
65.03
63.62
63.25
62.58
62.58
62.49
61.34
60.61
60.6
60.44
60.4
60.31
60.11
59.83
59.31
59.08
58.66
58.61
58.38
58.14
57.64
57.52
57.43
57.28
57.24
57
56.95
56.35
56.34
55.76
55.72
55.67
55.67
55.53
55.48
55.41
54.83
54.83
54.62
54.46
54.28
54.15
53.96
53.78
52.73
52.62
52.19
51.66
51.65
51.64
51.46
51.44
51.43
51.4
51.17
50.99
50.77
50.61
50.53
50.45
49.84
49.76
49.7
49.69
49.48
49.4
49.17
49.1
49.1
48.89
48.88
48.67
48.57
48.48
48.35
48.18
47.97
47.94
47.8
47.74
47.72
47.43
47.11
47.06
46.86
46.77
46.58
46.57
46.28
46.19
46.09
46.01
45.95
45.39
45.11
44.88
44.53
44.43
44.4
44.34
44.18
43.89
43.72
43.66
42.83
42.77
42.7
42.58
42.43
42.27
42.22
42.06
41.95
41.79
41.67
41.64
41.6
41.57
41.57
41.38
40.64
40.49
40.44
39.99
39.95
39.76
39.72
39.55
39.53
39.47
39.22
39.12
38.91
38.66
38.56
38.27
38.26
38.08
38.04
37.9
37.83
37.71
37.69
37.27
37.25
37.24
37.22
37.03
36.84
36.81
36.7
36.68
36.6
36.58
36.55
36.46
35.8
35.74
35.7
35.55
35.07
34.96
34.9
34.78
34.75
34.74
34.53
34.52
34.41
34.41
34.35
34.21
33.86
33.72
33.59
33.51
33.48
33.44
33.21
33.07
33.06
32.96
32.92
32.92
32.74
32.74
32.66
32.63
32.6
32.52
32.39
32.33
32.26
32.01
32
31.96
31.59
31.59
31.52
31.48
31.4
31.4
31.27
31.22
31.08
31.04
30.96
30.93
30.81
30.75
30.49
30.46
30.41
30.37
30.36
30.33
30.32
30.22
30.1
30.04
30.03
30.01
30
30
29.88
29.84
29.73
29.67
29.64
29.59
29.54
29.4
29.34
29.12
29.03
28.97
28.95
28.75
28.73
28.71
28.7
28.57
28.49
28.44
28.4
28.4
28.37
28.36
28.35
28.22
28.22
27.85
27.85
27.85
27.74
27.72
27.71
27.63
27.54
27.42
27.34
27.25
27.25
27.11
27.09
27.07
27.02
26.93
26.92
26.89
26.84
26.81
26.78
26.72
26.71
26.66
26.6
26.59
26.54
26.52
26.5
26.45
26.38
26.37
26.36
26.32
26.07
26.05
26.03
25.99
25.98
25.93
25.89
25.89
25.88
25.86
25.68
25.67
25.54
25.53
25.5
25.47
25.32
25.26
25.24
25.22
25.22
25.18
25.08
25.05
24.91
24.91
24.89
24.86
24.86
24.78
24.74
24.71
24.7
24.66
24.66
24.62
24.61
24.54
24.54
24.44
24.4
24.4
24.39
24.38
24.36
24.32
24.2
24.14
24.03
24.01
23.94
23.91
23.84
23.79
23.78
23.66
23.66
23.63
23.41
23.36
23.23
23.19
23.18
23.17
23.11
23.11
23.07
23.03
23
22.98
22.91
22.89
22.89
22.85
22.84
22.83
22.76
22.69
22.67
22.61
22.57
22.41
22.26
22.22
22.18
22.17
22.14
22.12
22.12
22.1
21.96
21.89
21.88
21.84
21.79
21.76
21.71
21.7
21.6
21.59
21.48
21.45
21.45
21.43
21.42
21.38
21.26
21.24
21.21
21.19
21.19
21.16
21.14
21.03
20.99
20.92
20.82
20.78
20.78
20.75
20.75
20.72
20.69
20.63
20.58
20.56
20.53
20.49
20.46
20.42
20.41
20.38
20.36
20.34
20.28
20.27
20.27
20.24
20.24
20.23
20.18
20.17
20.17
20.14
20.13
20.12
20.09
20.09
20.03
19.98
19.93
19.92
19.82
19.82
19.72
19.71
19.71
19.63
19.53
19.46
19.46
19.46
19.45
19.44
19.37
19.33
19.33
19.3
19.28
19.2
19.2
19.17
19.16
19.14
19.1
19.09
19.09
19.09
19.05
19.04
19.03
19.03
18.97
18.96
18.94
18.94
18.91
18.91
18.9
18.86
18.85
18.82
18.81
18.77
18.76
18.75
18.71
18.7
18.66
18.65
18.6
18.54
18.51
18.48
18.44
18.44
18.43
18.39
18.37
18.3
18.29
18.25
18.25
18.23
18.22
18.16
18.1
18.1
18.04
18.01
18.01
17.99
17.97
17.97
17.96
17.93
17.93
17.9
17.9
17.9
17.84
17.79
17.74
17.73
17.72
17.67
17.65
17.62
17.61
17.6
17.6
17.53
17.53
17.51
17.5
17.47
17.44
17.38
17.33
17.33
17.32
17.31
17.3
17.3
17.28
17.28
17.26
17.24
17.24
17.21
17.2
17.2
17.15
17.12
17.12
17.11
17
17
16.98
16.98
16.97
16.96
16.94
16.89
16.81
16.79
16.7
16.69
16.65
16.64
16.63
16.62
16.58
16.57
16.57
16.55
16.54
16.53
16.52
16.48
16.47
16.45
16.4
16.36
16.28
16.26
16.23
16.22
16.21
16.19
16.19
16.15
16.15
16.1
16.09
16.06
16.05
15.95
15.92
15.92
15.9
15.88
15.87
15.87
15.85
15.82
15.82
15.81
15.79
15.78
15.76
15.74
15.73
15.73
15.71
15.7
15.7
15.69
15.67
15.62
15.62
15.6
15.6
15.59
15.52
15.52
15.52
15.45
15.44
15.44
15.41
15.37
15.37
15.34
15.33
15.3
15.28
15.24
15.24
15.22
15.2
15.19
15.17
15.15
15.12
15.1
15.09
15.09
15.07
15.04
15.03
15
15
14.98
14.95
14.94
14.93
14.92
14.91
14.91
14.9
14.87
14.86
14.84
14.84
14.83
14.79
14.73
14.68
14.64
14.62
14.62
14.61
14.59
14.56
14.53
14.52
14.51
14.5
14.48
14.46
14.46
14.45
14.45
14.43
14.42
14.4
14.4
14.37
14.35
14.35
14.35
14.34
14.33
14.29
14.28
14.26
14.22
14.21
14.17
14.15
14.14
14.07
14.07
14.05
14.03
14.02
13.97
13.97
13.96
13.96
13.96
13.93
13.92
13.89
13.88
13.85
13.83
13.8
13.8
13.79
13.77
13.76
13.76
13.76
13.73
13.73
13.72
13.7
13.67
13.66
13.66
13.65
13.65
13.65
13.63
13.62
13.61
13.6
13.55
13.54
13.54
13.51
13.51
13.51
13.5
13.5
13.49
13.45
13.45
13.43
13.37
13.36
13.35
13.34
13.29
13.24
13.24
13.23
13.21
13.2
13.2
13.2
13.18
13.18
13.17
13.17
13.15
13.14
13.14
13.12
13.12
13.12
13.1
13.08
13.06
13.05
13.01
13
12.97
12.97
12.96
12.93
12.91
12.9
12.9
12.9
12.89
12.89
12.88
12.86
12.86
12.86
12.86
12.85
12.85
12.84
12.83
12.82
12.8
12.79
12.78
12.78
12.76
12.76
12.74
12.73
12.73
12.71
12.7
12.69
12.63
12.63
12.63
12.62
12.62
12.62
12.62
12.62
12.59
12.57
12.57
12.55
12.55
12.53
12.53
12.52
12.51
12.5
12.42
12.42
12.41
12.4
12.39
12.36
12.36
12.32
12.31
12.31
12.3
12.28
12.26
12.25
12.22
12.21
12.18
12.15
12.13
12.11
12.11
12.1
12.1
12.07
12.04
12.02
12.01
12
11.99
11.97
11.97
11.95
11.95
11.93
11.92
11.92
11.89
11.88
11.88
11.87
11.86
11.85
11.84
11.82
11.82
11.82
11.81